0.0
0.0
0.0
0.0
0.003728813559322
0.0
0.0
0.0
0.0
0.003728813559322
0.0
0.0
0.003728813559322
0.003728813559322
0.003728813559322
0.0
0.0
-0.007457627118644
-0.003728813559322
-0.007457627118644
-0.007457627118644
-0.011186440677966
-0.011186440677966
-0.014915254237288
-0.01864406779661
-0.022372881355932
-0.022372881355932
-0.026101694915254
-0.026101694915254
-0.026101694915254
-0.029830508474576
-0.033559322033898
-0.03728813559322
-0.041016949152542004
-0.04474576271186401
-0.052203389830508005
-0.05593220338983001
-0.06338983050847401
-0.06711864406779601
-0.07084745762711801
-0.07457627118644002
-0.07457627118644002
-0.08203389830508402
-0.08203389830508402
-0.08203389830508402
-0.07457627118644002
-0.05220338983050801
-0.03355932203389801
-0.0037288135593220133
0.03728813559321999
0.07084745762711799
