0.0
0.0
0.0
0.0
0.0
0.003728813559322
0.0
0.0
-0.003728813559322
-0.011186440677966
-0.014915254237288
-0.022372881355932
-0.026101694915254
-0.03728813559322
-0.03728813559322
-0.048474576271185996
-0.055932203389829994
-0.055932203389829994
-0.063389830508474
-0.07457627118644
-0.07830508474576199
-0.07830508474576199
-0.085762711864406
-0.09322033898305
-0.09694915254237199
-0.104406779661016
-0.11186440677965999
-0.11186440677965999
-0.11559322033898199
-0.126779661016948
-0.134237288135592
-0.134237288135592
-0.145423728813558
-0.145423728813558
-0.152881355932202
-0.15661016949152398
-0.16779661016949
-0.171525423728812
-0.175254237288134
-0.178983050847456
-0.1864406779661
-0.19762711864406599
-0.20508474576271
-0.208813559322032
-0.219999999999998
-0.22745762711864198
-0.238644067796608
-0.24237288135593
-0.253559322033896
-0.249830508474574
-0.272203389830506
