0.0
0.0
0.0
0.0
0.003728813559322
0.005273338707153866
0.0
0.0
0.003728813559322
0.0117915438175769
0.01537429216331995
0.022372881355932
0.02636669353576933
0.03728813559322
0.03728813559322
0.04861778064896846
0.055932203389829994
0.05642718828970698
0.06349940678819956
0.07466943333542599
0.07830508474576199
0.07839381574844505
0.085762711864406
0.09329488544756853
0.09702083399581915
0.10447334439819626
0.11186440677965999
0.11192653641887353
0.11559322033898199
0.126779661016948
0.13428906722648024
0.13428906722648024
0.14547152626063783
0.14547152626063783
0.15292682250746212
0.1567876314968901
0.1678380363175522
0.1716874695124523
0.1752939010291167
0.17902188844167408
0.18647796237362524
0.19762711864406599
0.20522029418845525
0.208813559322032
0.219999999999998
0.22757985046282966
0.23969050234558448
0.2430889032448423
0.25530802773540184
0.2531751825958587
0.27426431326476525
