0.002438299245470878
0.0
0.002438299245470878
0.002438299245470878
0.0017241379310345
0.019276448081894933
0.0293103448275865
0.05175286558553029
0.06905167032586547
0.08759231583365976
0.09489026141942863
0.12088653891695367
0.13488004976281479
0.14680505487867734
0.16910620462399106
0.18116579802315252
0.19485809953303812
0.2140432352115676
0.23651502681067516
0.24359817598586347
0.2591947651443631
0.2707390686284653
0.29695742097008637
0.31230225610401774
0.3327988183688925
0.15790693988766105
0.16192216388791744
