0.002438299245470878
0.002438299245470878
0.004876598490941756
0.007314897736412635
0.009039035667447135
0.02831548374934207
0.05762582857692857
0.10937869416245886
0.17843036448832433
0.26602268032198406
0.3609129417414127
0.48179948065836636
0.6166795304211812
0.7634845852998585
0.9325907899238496
1.1137565879470022
1.3086146874800404
1.522657922691608
1.759172949502283
2.0027711254881466
2.26196589063251
2.5327049592609754
2.8296623802310616
3.1419646363350795
3.474763454703972
3.632670394591633
3.794592558479551
