0.0
0.0
0.0
0.003728813559322
0.0
0.0
0.003728813559322
0.003728813559322
0.003728813559322
0.0
0.003728813559322
0.003728813559322
0.0
-0.003728813559322
-0.003728813559322
-0.003728813559322
-0.003728813559322
-0.003728813559322
-0.007457627118644
-0.011186440677966
-0.011186440677966
-0.011186440677966
-0.014915254237288
-0.014915254237288
-0.01864406779661
-0.022372881355932
-0.026101694915254
-0.022372881355932
-0.029830508474576
-0.026101694915254
-0.033559322033898
-0.033559322033898
-0.03728813559322
-0.044745762711864
-0.044745762711864
-0.052203389830508
-0.05593220338983
-0.059661016949152004
-0.06711864406779601
-0.07084745762711801
-0.07084745762711801
-0.07830508474576202
-0.07830508474576202
-0.08576271186440602
-0.08203389830508402
-0.07830508474576202
-0.055932203389830015
-0.03355932203389801
-0.011186440677966012
0.02610169491525399
0.07084745762711799
