0.0
0.0
0.0
0.003728813559322
0.0
0.0
0.0
0.0
-0.003728813559322
-0.007457627118644
-0.01864406779661
-0.022372881355932
-0.029830508474576
-0.033559322033898
-0.041016949152542
-0.044745762711864
-0.052203389830508
-0.059661016949152
-0.063389830508474
-0.067118644067796
-0.07830508474576199
-0.082033898305084
-0.085762711864406
-0.089491525423728
-0.09694915254237199
-0.108135593220338
-0.108135593220338
-0.11559322033898199
-0.11559322033898199
-0.126779661016948
-0.126779661016948
-0.137966101694914
-0.141694915254236
-0.14915254237288
-0.14915254237288
-0.164067796610168
-0.16779661016949
-0.16779661016949
-0.16779661016949
-0.178983050847456
-0.1864406779661
-0.201355932203388
-0.20508474576271
-0.208813559322032
-0.23118644067796398
-0.22372881355931998
-0.23118644067796398
-0.238644067796608
-0.253559322033896
-0.26101694915254
-0.268474576271184
