0.0
0.0
0.0
0.11186440677966
0.0
0.0
0.0
0.0
-0.11186440677966
-0.22372881355932
-0.5593220338983
-0.67118644067796
-0.89491525423728
-1.00677966101694
-1.23050847457626
-1.34237288135592
-1.56610169491524
-1.78983050847456
-1.9016949152542197
-2.01355932203388
-2.3491525423728596
-2.46101694915252
-2.57288135593218
-2.68474576271184
-2.9084745762711597
-3.24406779661014
-3.24406779661014
-3.4677966101694597
-3.4677966101694597
-3.8033898305084395
-3.8033898305084395
-4.13898305084742
-4.25084745762708
-4.4745762711864
-4.4745762711864
-4.92203389830504
-5.0338983050846995
-5.0338983050846995
-5.0338983050846995
-5.36949152542368
-5.593220338983
-6.04067796610164
-6.1525423728813
-6.26440677966096
-6.9355932203389195
-6.7118644067796
-6.9355932203389195
-7.15932203389824
-7.606779661016879
-7.8305084745762
-8.05423728813552
