0.0
0.0
0.0
0.003728813559322
-0.003728813559322
0.0
0.003728813559322
0.0
0.0
-0.003728813559322
0.003728813559322
0.0
-0.003728813559322
-0.003728813559322
0.0
0.0
0.0
0.0
-0.003728813559322
-0.003728813559322
0.0
0.0
-0.003728813559322
0.0
-0.003728813559322
-0.003728813559322
-0.003728813559322
0.003728813559322
-0.007457627118644
0.003728813559322
-0.007457627118644
0.0
-0.003728813559322
-0.007457627118644
0.0
-0.007457627118644
-0.003728813559322
-0.003728813559322
-0.007457627118644
-0.003728813559322
0.0
-0.007457627118644
0.0
-0.007457627118644
0.003728813559322
0.003728813559322
0.022372881355932
0.022372881355932
0.022372881355932
0.03728813559322
0.044745762711864
