0.0
0.0
0.0
0.003728813559322
0.003728813559322
0.003728813559322
0.003728813559322
0.003728813559322
0.0
-0.007457627118644
-0.026101694915254
-0.048474576271185996
-0.07830508474576199
-0.11186440677965999
-0.15288135593220198
-0.19762711864406599
-0.249830508474574
-0.309491525423726
-0.37288135593219995
-0.43999999999999595
-0.518305084745758
-0.600338983050842
-0.686101694915248
-0.7755932203389759
-0.872542372881348
-0.980677966101686
-1.088813559322024
-1.204406779661006
-1.319999999999988
-1.4467796610169361
-1.5735593220338842
-1.7115254237287982
-1.8532203389830342
-2.0023728813559143
-2.151525423728794
-2.315593220338962
-2.483389830508452
-2.651186440677942
-2.8189830508474323
-2.9979661016948884
-3.1844067796609883
-3.385762711864376
-3.590847457627086
-3.799661016949118
-4.030847457627082
-4.2545762711864015
-4.485762711864365
-4.724406779660973
-4.977966101694869
-5.238983050847409
-5.507457627118593
