0.0
0.0
0.0
0.0
0.0
0.0
0.0
0.15254237288135594
-0.15254237288135594
0.0
0.0
0.0
0.0
0.0
-0.15254237288135594
0.0
0.0
0.15254237288135594
-0.15254237288135594
0.0
0.0
0.0
0.15254237288135594
-0.15254237288135594
0.15254237288135594
0.0
0.0
0.0
0.0
0.0
0.15254237288135594
-0.15254237288135594
0.0
0.0
0.0
0.0
0.0
0.15254237288135594
-0.15254237288135594
0.0
0.0
0.15254237288135594
0.0
0.0
0.0
0.0
0.0
0.15254237288135594
-0.15254237288135594
0.15254237288135594
0.0
0.0
0.0
0.0
0.0
0.0
0.0
0.0
0.15254237288135594
-0.15254237288135594
0.0
0.15254237288135594
-0.15254237288135594
0.15254237288135594
0.0
0.0
-0.15254237288135594
0.0
0.15254237288135594
0.0
-0.15254237288135594
0.0
0.15254237288135594
0.0
0.0
-0.15254237288135594
0.15254237288135594
-0.15254237288135594
0.15254237288135594
0.0
0.0
0.0
0.0
0.0
0.15254237288135594
0.0
0.3050847457627119
0.15254237288135594
0.6101694915254238
0.9152542372881357
0.7627118644067797
1.0677966101694916
1.9830508474576276
0.7627118644067797
1.6779661016949154
2.7457627118644075
1.0677966101694916
2.288135593220339
3.661016949152543
1.5254237288135595
2.7457627118644075
4.728813559322035
1.3728813559322037
3.355932203389831
5.491525423728815
1.8305084745762714
3.966101694915255
6.254237288135593
2.288135593220339
4.423728813559323
6.559322033898306
2.440677966101695
5.186440677966102
7.779661016949153
2.440677966101695
5.3389830508474585
8.389830508474578
2.593220338983051
5.9491525423728815
8.389830508474578
2.7457627118644075
5.796610169491526
8.542372881355933
3.203389830508475
5.9491525423728815
9.45762711864407
3.203389830508475
6.40677966101695
9.76271186440678
3.508474576271187
6.711864406779662
10.372881355932204
3.508474576271187
7.16949152542373
10.830508474576272
3.661016949152543
7.322033898305086
10.98305084745763
3.813559322033899
1.3728813559322037
