0.0
0.0
0.0
0.0
0.003728813559322
-0.003728813559322
0.0
0.0
0.0
0.003728813559322
-0.003728813559322
0.0
0.003728813559322
0.0
0.0
-0.003728813559322
0.0
-0.007457627118644
0.003728813559322
-0.003728813559322
0.0
-0.003728813559322
0.0
-0.003728813559322
-0.003728813559322
-0.003728813559322
0.0
-0.003728813559322
0.0
0.0
-0.003728813559322
-0.003728813559322
-0.003728813559322
-0.003728813559322
-0.003728813559322
-0.007457627118644
-0.003728813559322
-0.007457627118644
-0.003728813559322
-0.003728813559322
-0.003728813559322
0.0
-0.007457627118644
0.0
0.0
0.007457627118644
0.022372881355932
0.01864406779661
0.029830508474576
0.041016949152542
0.033559322033898
