0.0
0.0
0.0
0.0
0.003728813559322
0.009002152266475865
0.009002152266475865
0.009002152266475865
0.012730965825797864
0.024522509643374765
0.039896801806694714
0.06226968316262671
0.08863637669839604
0.12592451229161605
0.16321264788483605
0.21183042853380452
0.26776263192363453
0.32418982021334153
0.38768922700154107
0.46235866033696704
0.5406637450827291
0.6190575608311741
0.7048202726955801
0.7981151581431487
0.8951359921389679
0.9996093365371641
1.111473743316824
1.2234002797356975
1.3389935000746795
1.4657731610916276
1.6000622283181078
1.7343512955445881
1.879822821805226
2.025294348065864
2.178221170573326
2.3350088020702158
2.502846838387768
2.6745343079002204
2.849828208929337
3.028850097371011
3.2153280597446363
3.412955178388702
3.6181754725771573
3.8269890318991893
4.046989031899187
4.274568882362017
4.514259384707601
4.757348287952444
5.012656315687845
5.2658314982837044
5.540095811548469
