0.0
0.0
0.0
0.0
0.11186440677966
0.15820016121461597
0.0
0.0
0.11186440677966
0.353746314527307
0.4612287648995985
0.67118644067796
0.7910008060730799
1.1186440677966
1.1186440677966
1.4585334194690538
1.6779661016949
1.6928156486912094
1.9049822036459867
2.24008300006278
2.3491525423728596
2.3518144724533516
2.57288135593218
2.798846563427056
2.9106250198745744
3.134200331945888
3.3559322033898
3.357796092566206
3.4677966101694597
3.8033898305084395
4.028672016794407
4.028672016794407
4.364145787819135
4.364145787819135
4.587804675223864
4.703628944906703
5.035141089526566
5.150624085373569
5.258817030873502
5.370656653250222
5.594338871208757
5.92881355932198
6.156608825653658
6.26440677966096
6.59999999999994
6.82739551388489
7.190715070367534
7.292667097345269
7.659240832062055
7.595255477875761
8.227929397942958
